userId,time,x,y,z,velocity
user51,17554.0,7.471576958842582,43.779317087118834,0,15.0
user51,17555.0,7.471764208258944,43.779317087118834,0,15.0
user51,17556.0,7.471951457675305,43.779317087118834,0,15.0
user51,17557.0,7.472138707091667,43.779317087118834,0,15.0
user51,17558.0,7.472325956508029,43.779317087118834,0,15.0
user51,17559.0,7.472513205924391,43.779317087118834,0,15.0
user51,17560.0,7.472700455340752,43.779317087118834,0,15.0
user51,17561.0,7.472887704757114,43.779317087118834,0,15.0
user51,17562.0,7.473074954173476,43.779317087118834,0,15.0
user51,17563.0,7.473262203589837,43.779317087118834,0,15.0
user51,17564.0,7.473449453006199,43.779317087118834,0,15.0
user51,17565.0,7.473636702422561,43.779317087118834,0,15.0
user51,17566.0,7.473823951838923,43.779317087118834,0,15.0
user51,17567.0,7.474011201255284,43.779317087118834,0,15.0
user51,17568.0,7.474198450671646,43.779317087118834,0,15.0
user51,17569.0,7.474385700088008,43.779317087118834,0,15.0
user51,17570.0,7.47457294950437,43.779317087118834,0,15.0
user51,17571.0,7.474760198920731,43.779317087118834,0,15.0
user51,17572.0,7.474947448337093,43.779317087118834,0,15.0
user51,17573.0,7.475134697753455,43.779317087118834,0,15.0
user51,17574.0,7.475321947169816,43.779317087118834,0,15.0
user51,17575.0,7.475509196586178,43.779317087118834,0,15.0
user51,17576.0,7.47569644600254,43.779317087118834,0,15.0
user51,17577.0,7.475883695418902,43.779317087118834,0,15.0
user51,17578.0,7.476070944835263,43.779317087118834,0,15.0
user51,17579.0,7.476258194251625,43.779317087118834,0,15.0
user51,17580.0,7.476445443667987,43.779317087118834,0,15.0
user51,17581.0,7.4766326930843485,43.779317087118834,0,15.0
user51,17582.0,7.47681994250071,43.779317087118834,0,15.0
user51,17583.0,7.477007191917072,43.779317087118834,0,15.0
user51,17584.0,7.477194441333434,43.779317087118834,0,15.0
user51,17585.0,7.477381690749795,43.779317087118834,0,15.0
user51,17586.0,7.477568940166157,43.779317087118834,0,15.0
user51,17587.0,7.477756189582519,43.779317087118834,0,15.0
user51,17588.0,7.477943438998881,43.779317087118834,0,15.0
user51,17589.0,7.478130688415242,43.779317087118834,0,15.0
user51,17590.0,7.478317937831604,43.779317087118834,0,15.0
user51,17591.0,7.478505187247966,43.779317087118834,0,15.0
user51,17592.0,7.478692436664327,43.779317087118834,0,15.0
user51,17593.0,7.478879686080689,43.779317087118834,0,15.0
user51,17594.0,7.479066935497051,43.779317087118834,0,15.0
user51,17595.0,7.479254184913413,43.779317087118834,0,15.0
user51,17596.0,7.479441434329774,43.779317087118834,0,15.0
user51,17597.0,7.479628683746136,43.779317087118834,0,15.0
user51,17598.0,7.479815933162498,43.779317087118834,0,15.0
user51,17599.0,7.4800031825788595,43.779317087118834,0,15.0
user51,17600.0,7.480190431995221,43.779317087118834,0,15.0
user51,17601.0,7.480377681411583,43.779317087118834,0,15.0
user51,17602.0,7.480564930827945,43.779317087118834,0,15.0
user51,17603.0,7.480752180244306,43.779317087118834,0,15.0
user51,17604.0,7.480939429660668,43.779317087118834,0,15.0
user51,17605.0,7.48112667907703,43.779317087118834,0,15.0
user51,17606.0,7.481313928493392,43.779317087118834,0,15.0
user51,17607.0,7.481501177909753,43.779317087118834,0,15.0
user51,17608.0,7.481688427326115,43.779317087118834,0,15.0
user51,17609.0,7.481875676742477,43.779317087118834,0,15.0
user51,17610.0,7.4820629261588385,43.779317087118834,0,15.0
user51,17611.0,7.4822501755752,43.779317087118834,0,15.0
user51,17612.0,7.482437424991562,43.779317087118834,0,15.0
user51,17613.0,7.482624674407924,43.779317087118834,0,15.0
user51,17614.0,7.482811923824285,43.779317087118834,0,15.0
user51,17615.0,7.482999173240647,43.779317087118834,0,15.0
user51,17616.0,7.483186422657009,43.779317087118834,0,15.0
user51,17617.0,7.483373672073371,43.779317087118834,0,15.0
user51,17618.0,7.483560921489732,43.779317087118834,0,15.0
user51,17619.0,7.483748170906094,43.779317087118834,0,15.0
user51,17620.0,7.483935420322456,43.779317087118834,0,15.0
user51,17621.0,7.4841226697388175,43.779317087118834,0,15.0
user51,17622.0,7.484309919155179,43.779317087118834,0,15.0
user51,17623.0,7.484497168571541,43.779317087118834,0,15.0
user51,17624.0,7.484684417987903,43.779317087118834,0,15.0
user51,17625.0,7.484871667404264,43.779317087118834,0,15.0
user51,17626.0,7.485058916820626,43.779317087118834,0,15.0
user51,17627.0,7.485246166236988,43.779317087118834,0,15.0
user51,17628.0,7.485433415653349,43.779317087118834,0,15.0
user51,17629.0,7.485620665069711,43.779317087118834,0,15.0
user51,17630.0,7.485807914486073,43.779317087118834,0,15.0
user51,17631.0,7.485995163902435,43.779317087118834,0,15.0
user51,17632.0,7.486182413318796,43.779317087118834,0,15.0
user51,17633.0,7.486369662735158,43.779317087118834,0,15.0
user51,17634.0,7.48655691215152,43.779317087118834,0,15.0
user51,17635.0,7.486744161567882,43.779317087118834,0,15.0
user51,17636.0,7.486931410984243,43.779317087118834,0,15.0
user51,17637.0,7.487118660400605,43.779317087118834,0,15.0
user51,17638.0,7.487305909816967,43.779317087118834,0,15.0
user51,17639.0,7.487493159233328,43.779317087118834,0,15.0
user51,17640.0,7.48768040864969,43.779317087118834,0,15.0
user51,17641.0,7.487867658066052,43.779317087118834,0,15.0
user51,17642.0,7.488054907482414,43.779317087118834,0,15.0
user51,17643.0,7.488242156898775,43.779317087118834,0,15.0
user51,17644.0,7.488429406315137,43.779317087118834,0,15.0
user51,17645.0,7.488616655731499,43.779317087118834,0,15.0
user51,17646.0,7.488803905147859,43.779317087118834,0,15.0
user51,17647.0,7.488991154564222,43.779317087118834,0,15.0
user51,17648.0,7.489178403980584,43.779317087118834,0,15.0
user51,17649.0,7.489365653396946,43.779317087118834,0,15.0
user51,17650.0,7.489552902813307,43.779317087118834,0,15.0
user51,17651.0,7.489740152229669,43.779317087118834,0,15.0
user51,17652.0,7.489927401646031,43.779317087118834,0,15.0
user51,17653.0,7.490114651062393,43.779317087118834,0,15.0
user51,17654.0,7.490301900478754,43.779317087118834,0,15.0
user51,17655.0,7.490489149895116,43.779317087118834,0,15.0
user51,17656.0,7.490676399311478,43.779317087118834,0,15.0
user51,17657.0,7.490863648727839,43.779317087118834,0,15.0
user51,17658.0,7.491050898144201,43.779317087118834,0,15.0
user51,17659.0,7.491238147560563,43.779317087118834,0,15.0
user51,17660.0,7.491425396976925,43.779317087118834,0,15.0
user51,17661.0,7.491612646393286,43.779317087118834,0,15.0
user51,17662.0,7.491799895809648,43.779317087118834,0,15.0
user51,17663.0,7.49198714522601,43.779317087118834,0,15.0
user51,17664.0,7.492174394642372,43.779317087118834,0,15.0
user51,17665.0,7.492361644058733,43.779317087118834,0,15.0
user51,17666.0,7.492548893475095,43.779317087118834,0,15.0
user51,17667.0,7.492736142891457,43.779317087118834,0,15.0
user51,17668.0,7.492923392307818,43.779317087118834,0,15.0
user51,17669.0,7.49311064172418,43.779317087118834,0,15.0
user51,17670.0,7.493297891140542,43.779317087118834,0,15.0
user51,17671.0,7.493485140556904,43.779317087118834,0,15.0
user51,17672.0,7.493672389973265,43.779317087118834,0,15.0
user51,17673.0,7.493859639389627,43.779317087118834,0,15.0
user51,17674.0,7.494046888805989,43.779317087118834,0,15.0
user51,17675.0,7.4942341382223505,43.779317087118834,0,15.0
user51,17676.0,7.494421387638712,43.779317087118834,0,15.0
user51,17677.0,7.494608637055074,43.779317087118834,0,15.0
user51,17678.0,7.494795886471436,43.779317087118834,0,15.0
user51,17679.0,7.494983135887797,43.779317087118834,0,15.0
user51,17680.0,7.495170385304159,43.779317087118834,0,15.0
user51,17681.0,7.495357634720521,43.779317087118834,0,15.0
user51,17682.0,7.495544884136883,43.779317087118834,0,15.0
user51,17683.0,7.495732133553244,43.779317087118834,0,15.0
user51,17684.0,7.495919382969606,43.779317087118834,0,15.0
user51,17685.0,7.496106632385968,43.779317087118834,0,15.0
user51,17686.0,7.4962938818023295,43.779317087118834,0,15.0
user51,17687.0,7.496481131218691,43.779317087118834,0,15.0
user51,17688.0,7.496668380635053,43.779317087118834,0,15.0
user51,17689.0,7.496855630051415,43.779317087118834,0,15.0
user51,17690.0,7.497042879467776,43.779317087118834,0,15.0
user51,17691.0,7.497230128884138,43.779317087118834,0,15.0
user51,17692.0,7.4974173783005,43.779317087118834,0,15.0
user51,17693.0,7.497604627716861,43.779317087118834,0,15.0
user51,17694.0,7.497791877133223,43.779317087118834,0,15.0
user51,17695.0,7.497979126549585,43.779317087118834,0,15.0
user51,17696.0,7.498166375965947,43.779317087118834,0,15.0
user51,17697.0,7.498353625382308,43.779317087118834,0,15.0
user51,17698.0,7.49854087479867,43.779317087118834,0,15.0
user51,17699.0,7.498728124215032,43.779317087118834,0,15.0
user51,17700.0,7.498915373631394,43.779317087118834,0,15.0
user51,17701.0,7.499102623047755,43.779317087118834,0,15.0
user51,17702.0,7.499289872464117,43.779317087118834,0,15.0
user51,17703.0,7.499477121880479,43.779317087118834,0,15.0
user51,17704.0,7.49966437129684,43.779317087118834,0,15.0
user51,17705.0,7.499851620713202,43.779317087118834,0,15.0
user51,17706.0,7.500038870129564,43.779317087118834,0,15.0
user51,17707.0,7.500226119545926,43.779317087118834,0,15.0
user51,17708.0,7.500413368962287,43.779317087118834,0,15.0
user51,17709.0,7.500600618378649,43.779317087118834,0,15.0
user51,17710.0,7.500787867795011,43.779317087118834,0,15.0
user51,17711.0,7.500975117211373,43.779317087118834,0,15.0
user51,17712.0,7.501162366627734,43.779317087118834,0,15.0
user51,17713.0,7.501349616044096,43.779317087118834,0,15.0
user51,17714.0,7.501536865460458,43.779317087118834,0,15.0
user51,17715.0,7.5017241148768194,43.779317087118834,0,15.0
user51,17716.0,7.501911364293181,43.779317087118834,0,15.0
user51,17717.0,7.502098613709543,43.779317087118834,0,15.0
user51,17718.0,7.502285863125905,43.779317087118834,0,15.0
user51,17719.0,7.502473112542266,43.779317087118834,0,15.0
user51,17720.0,7.502660361958628,43.779317087118834,0,15.0
user51,17721.0,7.50284761137499,43.779317087118834,0,15.0
user51,17722.0,7.503034860791351,43.779317087118834,0,15.0
user51,17723.0,7.503222110207713,43.779317087118834,0,15.0
user51,17724.0,7.503409359624075,43.779317087118834,0,15.0
user51,17725.0,7.503596609040437,43.779317087118834,0,15.0
user51,17726.0,7.503783858456798,43.779317087118834,0,15.0
user51,17727.0,7.50397110787316,43.779317087118834,0,15.0
user51,17728.0,7.504158357289522,43.779317087118834,0,15.0
user51,17729.0,7.504345606705884,43.779317087118834,0,15.0
user51,17730.0,7.504532856122245,43.779317087118834,0,15.0
user51,17731.0,7.504720105538607,43.779317087118834,0,15.0
user51,17732.0,7.504907354954969,43.779317087118834,0,15.0
user51,17733.0,7.50509460437133,43.779317087118834,0,15.0
user51,17734.0,7.505281853787692,43.779317087118834,0,15.0
user51,17735.0,7.505469103204054,43.779317087118834,0,15.0
user51,17736.0,7.505656352620416,43.779317087118834,0,15.0
user51,17737.0,7.505843602036777,43.779317087118834,0,15.0
user51,17738.0,7.506030851453139,43.779317087118834,0,15.0
user51,17739.0,7.506218100869501,43.779317087118834,0,15.0
user51,17740.0,7.5064053502858625,43.779317087118834,0,15.0
user51,17741.0,7.506592599702224,43.779317087118834,0,15.0
user51,17742.0,7.506779849118586,43.779317087118834,0,15.0
user51,17743.0,7.506967098534948,43.779317087118834,0,15.0
user51,17744.0,7.507154347951309,43.779317087118834,0,15.0
user51,17745.0,7.507341597367671,43.779317087118834,0,15.0
user51,17746.0,7.507528846784033,43.779317087118834,0,15.0
user51,17747.0,7.507716096200395,43.779317087118834,0,15.0
user51,17748.0,7.507903345616756,43.779317087118834,0,15.0
user51,17749.0,7.508090595033118,43.779317087118834,0,15.0
user51,17750.0,7.50827784444948,43.779317087118834,0,15.0
user51,17751.0,7.5084650938658415,43.779317087118834,0,15.0
user51,17752.0,7.508652343282203,43.779317087118834,0,15.0
user51,17753.0,7.508839592698565,43.779317087118834,0,15.0
user51,17754.0,7.509026842114927,43.779317087118834,0,15.0
user51,17755.0,7.509214091531288,43.779317087118834,0,15.0
user51,17756.0,7.50940134094765,43.779317087118834,0,15.0
user51,17757.0,7.509588590364012,43.779317087118834,0,15.0
user51,17758.0,7.509775839780373,43.779317087118834,0,15.0
user51,17759.0,7.509963089196735,43.779317087118834,0,15.0
user51,17760.0,7.510150338613097,43.779317087118834,0,15.0
user51,17761.0,7.510337588029402,43.779317087118834,0,15.0
user51,17762.0,7.510186179321641,43.77939652452594,0,15.0
user51,17763.0,7.51003477061388,43.77947596193306,0,15.0
user51,17764.0,7.50988336190612,43.77955539934017,0,15.0
user51,17765.0,7.509731953198359,43.77963483674728,0,15.0
user51,17766.0,7.509580544490598,43.77971427415439,0,15.0
user51,17767.0,7.509429135782837,43.7797937115615,0,15.0
user51,17768.0,7.509277727075077,43.77987314896861,0,15.0
user51,17769.0,7.509126318367316,43.77995258637572,0,15.0
user51,17770.0,7.508974909659555,43.78003202378283,0,15.0
user51,17771.0,7.508823500951794,43.78011146118995,0,15.0
user51,17772.0,7.5086720922440335,43.780190898597056,0,15.0
user51,17773.0,7.508520683536273,43.780270336004165,0,15.0
user51,17774.0,7.508369274828512,43.78034977341128,0,15.0
user51,17775.0,7.508217866120751,43.78042921081839,0,15.0
user51,17776.0,7.5080664574129905,43.7805086482255,0,15.0
user51,17777.0,7.50791504870523,43.78058808563261,0,15.0
user51,17778.0,7.507763639997469,43.78066752303972,0,15.0
user51,17779.0,7.507612231289708,43.780746960446834,0,15.0
user51,17780.0,7.5074608225819475,43.78082639785394,0,15.0
user51,17781.0,7.507309413874187,43.78090583526105,0,15.0
user51,17782.0,7.507158005166426,43.78098527266817,0,15.0
user51,17783.0,7.507006596458665,43.78106471007528,0,15.0
user51,17784.0,7.506855187750904,43.78114414748239,0,15.0
user51,17785.0,7.506703779043144,43.781223584889496,0,15.0
user51,17786.0,7.506552370335383,43.78130302229661,0,15.0
user51,17787.0,7.506400961627622,43.78138245970372,0,15.0
user51,17788.0,7.506249552919861,43.78146189711083,0,15.0
user51,17789.0,7.506098144212101,43.78154133451794,0,15.0
user51,17790.0,7.50594673550434,43.781620771925056,0,15.0
user51,17791.0,7.505795326796579,43.781700209332165,0,15.0
user51,17792.0,7.505643918088818,43.78177964673928,0,15.0
user51,17793.0,7.505492509381058,43.78185908414638,0,15.0
user51,17794.0,7.505341100673297,43.7819385215535,0,15.0
user51,17795.0,7.505189691965536,43.78201795896061,0,15.0
user51,17796.0,7.505038283257775,43.78209739636772,0,15.0
user51,17797.0,7.504886874550015,43.78217683377483,0,15.0
user51,17798.0,7.504735465842254,43.78225627118194,0,15.0
user51,17799.0,7.504584057134493,43.78233570858905,0,15.0
user51,17800.0,7.504432648426732,43.78241514599616,0,15.0
user51,17801.0,7.5042812397189715,43.78249458340327,0,15.0
user51,17802.0,7.504129831011211,43.78257402081039,0,15.0
user51,17803.0,7.50397842230345,43.782653458217496,0,15.0
user51,17804.0,7.503827013595689,43.782732895624605,0,15.0
user51,17805.0,7.503675604887928,43.78281233303172,0,15.0
user51,17806.0,7.503524196180168,43.78289177043883,0,15.0
user51,17807.0,7.503372787472407,43.78297120784594,0,15.0
user51,17808.0,7.503221378764646,43.78305064525305,0,15.0
user51,17809.0,7.503069970056885,43.783130082660165,0,15.0
user51,17810.0,7.502918561349125,43.78320952006728,0,15.0
user51,17811.0,7.502767152641364,43.78328895747438,0,15.0
user51,17812.0,7.502615743933603,43.78336839488149,0,15.0
user51,17813.0,7.502464335225842,43.78344783228861,0,15.0
user51,17814.0,7.502312926518082,43.78352726969572,0,15.0
user51,17815.0,7.502161517810321,43.78360670710283,0,15.0
user51,17816.0,7.50201010910256,43.783686144509936,0,15.0
user51,17817.0,7.501858700394799,43.78376558191705,0,15.0
user51,17818.0,7.501707291687039,43.78384501932416,0,15.0
user51,17819.0,7.501555882979278,43.78392445673127,0,15.0
user51,17820.0,7.501404474271517,43.78400389413838,0,15.0
user51,17821.0,7.501253065563756,43.784083331545496,0,15.0
user51,17822.0,7.501101656855996,43.784162768952605,0,15.0
user51,17823.0,7.500950248148235,43.784242206359714,0,15.0
user51,17824.0,7.500798839440474,43.78432164376683,0,15.0
user51,17825.0,7.500647430732713,43.78440108117394,0,15.0
user51,17826.0,7.500496022024953,43.78448051858105,0,15.0
user51,17827.0,7.500344613317192,43.78455995598816,0,15.0
user51,17828.0,7.500193204609431,43.78463939339528,0,15.0
user51,17829.0,7.50004179590167,43.78471883080238,0,15.0
user51,17830.0,7.499890387193909,43.78479826820949,0,15.0
user51,17831.0,7.499738978486149,43.7848777056166,0,15.0
user51,17832.0,7.499587569778388,43.78495714302372,0,15.0
user51,17833.0,7.499436161070627,43.78503658043083,0,15.0
user51,17834.0,7.499284752362866,43.785116017837936,0,15.0
user51,17835.0,7.499133343655106,43.785195455245045,0,15.0
user51,17836.0,7.498981934947345,43.78527489265216,0,15.0
user51,17837.0,7.498830526239584,43.78535433005927,0,15.0
user51,17838.0,7.498679117531823,43.78543376746638,0,15.0
user51,17839.0,7.498527708824063,43.78551320487349,0,15.0
user51,17840.0,7.498376300116302,43.785592642280605,0,15.0
user51,17841.0,7.498224891408541,43.785672079687714,0,15.0
user51,17842.0,7.4980734827007804,43.78575151709482,0,15.0
user51,17843.0,7.49792207399302,43.78583095450194,0,15.0
user51,17844.0,7.497770665285259,43.78591039190905,0,15.0
user51,17845.0,7.497619256577498,43.78598982931616,0,15.0
user51,17846.0,7.497467847869737,43.78606926672327,0,15.0
user51,17847.0,7.497316439161977,43.78614870413038,0,15.0
user51,17848.0,7.497165030454216,43.78622814153749,0,15.0
user51,17849.0,7.497013621746455,43.7863075789446,0,15.0
user51,17850.0,7.496862213038694,43.78638701635171,0,15.0
user51,17851.0,7.496710804330934,43.78646645375883,0,15.0
user51,17852.0,7.496559395623173,43.786545891165936,0,15.0
user51,17853.0,7.496407986915412,43.786625328573045,0,15.0
user51,17854.0,7.496256578207651,43.78670476598016,0,15.0
user51,17855.0,7.496105169499891,43.78678420338727,0,15.0
user51,17856.0,7.49595376079213,43.78686364079438,0,15.0
user51,17857.0,7.495802352084369,43.78694307820149,0,15.0
user51,17858.0,7.495650943376608,43.7870225156086,0,15.0
user51,17859.0,7.495499534668847,43.787101953015714,0,15.0
user51,17860.0,7.495348125961087,43.78718139042282,0,15.0
user51,17861.0,7.495196717253326,43.78726082782993,0,15.0
user51,17862.0,7.495045308545565,43.78734026523704,0,15.0
user51,17863.0,7.4948938998378045,43.78741970264416,0,15.0
user51,17864.0,7.494742491130044,43.78749914005127,0,15.0
user51,17865.0,7.494591082422283,43.787578577458376,0,15.0
user51,17866.0,7.494439673714522,43.78765801486549,0,15.0
user51,17867.0,7.4942882650067615,43.7877374522726,0,15.0
user51,17868.0,7.494136856299001,43.78781688967971,0,15.0
user51,17869.0,7.49398544759124,43.78789632708682,0,15.0
user51,17870.0,7.493834038883479,43.787975764493936,0,15.0
user51,17871.0,7.4936826301757185,43.788055201901045,0,15.0
user51,17872.0,7.493531221467958,43.78813463930816,0,15.0
user51,17873.0,7.493379812760197,43.78821407671526,0,15.0
user51,17874.0,7.493228404052436,43.78829351412238,0,15.0
user51,17875.0,7.493076995344675,43.78837295152949,0,15.0
user51,17876.0,7.492925586636915,43.7884523889366,0,15.0
user51,17877.0,7.492774177929154,43.78853182634371,0,15.0
user51,17878.0,7.492622769221393,43.78861126375082,0,15.0
user51,17879.0,7.492471360513632,43.78869070115793,0,15.0
user51,17880.0,7.492319951805872,43.78877013856504,0,15.0
user51,17881.0,7.492168543098111,43.78884957597215,0,15.0
user51,17882.0,7.49201713439035,43.78892901337927,0,15.0
user51,17883.0,7.491865725682589,43.789008450786376,0,15.0
user51,17884.0,7.491714316974829,43.789087888193485,0,15.0
user51,17885.0,7.491562908267068,43.7891673256006,0,15.0
user51,17886.0,7.491411499559307,43.78924676300771,0,15.0
user51,17887.0,7.491260090851546,43.78932620041482,0,15.0
user51,17888.0,7.491108682143786,43.78940563782193,0,15.0
user51,17889.0,7.490957273435992,43.78948507522906,0,15.0
user51,17890.0,7.491015120775661,43.78935649321368,0,15.0
user51,17891.0,7.491072968115331,43.78922791119829,0,15.0
user51,17892.0,7.491130815455,43.789099329182896,0,15.0
user51,17893.0,7.49118866279467,43.78897074716751,0,15.0
user51,17894.0,7.4912465101343395,43.788842165152126,0,15.0
user51,17895.0,7.491304357474009,43.78871358313674,0,15.0
user51,17896.0,7.4913622048136785,43.78858500112135,0,15.0
user51,17897.0,7.491420052153348,43.78845641910596,0,15.0
user51,17898.0,7.491477899493018,43.78832783709058,0,15.0
user51,17899.0,7.491535746832687,43.78819925507519,0,15.0
user51,17900.0,7.491593594172357,43.7880706730598,0,15.0
user51,17901.0,7.491651441512026,43.787942091044414,0,15.0
user51,17902.0,7.491709288851696,43.78781350902903,0,15.0
user51,17903.0,7.491767136191365,43.78768492701364,0,15.0
user51,17904.0,7.491824983531035,43.78755634499825,0,15.0
user51,17905.0,7.491882830870704,43.78742776298287,0,15.0
user51,17906.0,7.491940678210374,43.78729918096748,0,15.0
user51,17907.0,7.491998525550043,43.787170598952095,0,15.0
user51,17908.0,7.492056372889713,43.7870420169367,0,15.0
user51,17909.0,7.492114220229382,43.78691343492132,0,15.0
user51,17910.0,7.492172067569052,43.78678485290593,0,15.0
user51,17911.0,7.492229914908721,43.78665627089055,0,15.0
user51,17912.0,7.492287762248391,43.786527688875154,0,15.0
user51,17913.0,7.49234560958806,43.78639910685977,0,15.0
user51,17914.0,7.49240345692773,43.78627052484438,0,15.0
user51,17915.0,7.492461304267399,43.786141942829,0,15.0
user51,17916.0,7.492519151607069,43.786013360813605,0,15.0
user51,17917.0,7.492576998946738,43.78588477879822,0,15.0
user51,17918.0,7.492634846286408,43.78575619678284,0,15.0
user51,17919.0,7.492692693626077,43.78562761476745,0,15.0
user51,17920.0,7.492750540965747,43.78549903275206,0,15.0
user51,17921.0,7.492808388305416,43.78537045073667,0,15.0
user51,17922.0,7.492866235645086,43.785241868721286,0,15.0
user51,17923.0,7.492924082984755,43.7851132867059,0,15.0
user51,17924.0,7.492981930324425,43.78498470469052,0,15.0
user51,17925.0,7.4930397776640945,43.78485612267512,0,15.0
user51,17926.0,7.493097625003764,43.78472754065974,0,15.0
user51,17927.0,7.4931554723434335,43.78459895864435,0,15.0
user51,17928.0,7.493213319683103,43.78447037662897,0,15.0
user51,17929.0,7.493271167022772,43.78434179461357,0,15.0
user51,17930.0,7.493329014362442,43.78421321259819,0,15.0
user51,17931.0,7.493386861702111,43.7840846305828,0,15.0
user51,17932.0,7.493444709041781,43.78395604856742,0,15.0
user51,17933.0,7.493502556381451,43.783827466552026,0,15.0
user51,17934.0,7.49356040372112,43.78369888453664,0,15.0
user51,17935.0,7.49361825106079,43.783570302521255,0,15.0
user51,17936.0,7.493676098400459,43.78344172050587,0,15.0
user51,17937.0,7.493733945740129,43.78331313849048,0,15.0
user51,17938.0,7.493791793079798,43.78318455647509,0,15.0
user51,17939.0,7.493849640419468,43.78305597445971,0,15.0
user51,17940.0,7.493907487759137,43.78292739244432,0,15.0
user51,17941.0,7.493965335098807,43.78279881042893,0,15.0
user51,17942.0,7.494023182438476,43.78267022841354,0,15.0
user51,17943.0,7.494081029778146,43.78254164639816,0,15.0
user51,17944.0,7.494138877117815,43.78241306438277,0,15.0
user51,17945.0,7.494196724457485,43.78228448236738,0,15.0
user51,17946.0,7.494254571797154,43.782155900352,0,15.0
user51,17947.0,7.494312419136824,43.78202731833661,0,15.0
user51,17948.0,7.494370266476493,43.78189873632122,0,15.0
user51,17949.0,7.494428113816163,43.78177015430583,0,15.0
user51,17950.0,7.494485961155832,43.78164157229045,0,15.0
user51,17951.0,7.494543808495502,43.78151299027506,0,15.0
user51,17952.0,7.494601655835171,43.78138440825968,0,15.0
user51,17953.0,7.494659503174841,43.78125582624428,0,15.0
user51,17954.0,7.49471735051451,43.7811272442289,0,15.0
user51,17955.0,7.49477519785418,43.78099866221351,0,15.0
user51,17956.0,7.494833045193849,43.78087008019813,0,15.0
user51,17957.0,7.494890892533519,43.78074149818274,0,15.0
user51,17958.0,7.494948739873188,43.78061291616735,0,15.0
user51,17959.0,7.495006587212858,43.78048433415197,0,15.0
user51,17960.0,7.495064434552527,43.78035575213658,0,15.0
user51,17961.0,7.495122281892197,43.7802271701212,0,15.0
user51,17962.0,7.495180129231866,43.7800985881058,0,15.0
user51,17963.0,7.495237976571536,43.779970006090416,0,15.0
user51,17964.0,7.495295823911205,43.77984142407503,0,15.0
user51,17965.0,7.495353671250875,43.779712842059645,0,15.0
user51,17966.0,7.495411518590544,43.77958426004425,0,15.0
user51,17967.0,7.495469365930214,43.77945567802887,0,15.0
user51,17968.0,7.495527213269884,43.77932709601348,0,15.0
user51,17969.0,7.495585060609553,43.7791985139981,0,15.0
user51,17970.0,7.495642907949223,43.779069931982704,0,15.0
user51,17971.0,7.495700755288892,43.77894134996732,0,15.0
user51,17972.0,7.495758602628562,43.77881276795193,0,15.0
user51,17973.0,7.495816449968231,43.77868418593655,0,15.0
user51,17974.0,7.495874297307901,43.77855560392116,0,15.0
user51,17975.0,7.49593214464757,43.77842702190577,0,15.0
user51,17976.0,7.49598999198724,43.77829843989039,0,15.0
user51,17977.0,7.496047839326909,43.778169857875,0,15.0
user51,17978.0,7.496105686666579,43.77804127585961,0,15.0
user51,17979.0,7.496163534006248,43.77791269384422,0,15.0
user51,17980.0,7.496221381345918,43.77778411182884,0,15.0
user51,17981.0,7.496279228685587,43.77765552981345,0,15.0
user51,17982.0,7.496337076025257,43.77752694779806,0,15.0
user51,17983.0,7.496394923364926,43.77739836578267,0,15.0
user51,17984.0,7.496452770704596,43.77726978376729,0,15.0
user51,17985.0,7.496510618044265,43.7771412017519,0,15.0
user51,17986.0,7.496568465383935,43.77701261973651,0,15.0
user51,17987.0,7.496626312723604,43.776884037721125,0,15.0
user51,17988.0,7.496684160063274,43.77675545570574,0,15.0
user51,17989.0,7.496742007402943,43.776626873690354,0,15.0
user51,17990.0,7.496799854742613,43.77649829167496,0,15.0
user51,17991.0,7.496857702082282,43.776369709659576,0,15.0
user51,17992.0,7.496915549421952,43.77624112764419,0,15.0
user51,17993.0,7.496973396761621,43.776112545628806,0,15.0
user51,17994.0,7.497031244101291,43.77598396361342,0,15.0
user51,17995.0,7.49708909144096,43.77585538159803,0,15.0
user51,17996.0,7.49714693878063,43.77572679958264,0,15.0
user51,17997.0,7.4972047861202995,43.77559821756726,0,15.0
user51,17998.0,7.497262633459969,43.77546963555187,0,15.0
user51,17999.0,7.4973204807996385,43.77534105353648,0,15.0
user51,18000.0,7.497378328139308,43.77521247152109,0,15.0
user51,18001.0,7.497436175478978,43.77508388950571,0,15.0
user51,18002.0,7.497494022818647,43.77495530749032,0,15.0
user51,18003.0,7.497551870158317,43.77482672547493,0,15.0
user51,18004.0,7.497609717497986,43.774698143459545,0,15.0
user51,18005.0,7.497667564837656,43.77456956144416,0,15.0
user51,18006.0,7.497725412177325,43.774440979428775,0,15.0
user51,18007.0,7.497783259516995,43.77431239741338,0,15.0
user51,18008.0,7.497841106856664,43.774183815398,0,15.0
user51,18009.0,7.497898954196334,43.77405523338261,0,15.0
user51,18010.0,7.497956801536003,43.773926651367226,0,15.0
user51,18011.0,7.498014648875673,43.77379806935184,0,15.0
user51,18012.0,7.498072496215342,43.77366948733645,0,15.0
user51,18013.0,7.498130343555012,43.77354090532106,0,15.0
user51,18014.0,7.498188190894681,43.77341232330568,0,15.0
user51,18015.0,7.498246038234351,43.773283741290285,0,15.0
user51,18016.0,7.49830388557402,43.7731551592749,0,15.0
user51,18017.0,7.49836173291369,43.77302657725952,0,15.0
user51,18018.0,7.498419580253359,43.77289799524413,0,15.0
user51,18019.0,7.498477427593029,43.77276941322874,0,15.0
user51,18020.0,7.498535274932698,43.77264083121335,0,15.0
user51,18021.0,7.498593122272368,43.772512249197966,0,15.0
user51,18022.0,7.498650969612037,43.77238366718258,0,15.0
user51,18023.0,7.498708816951707,43.77225508516719,0,15.0
user51,18024.0,7.498766664291376,43.7721265031518,0,15.0
user51,18025.0,7.498824511631046,43.77199792113642,0,15.0
user51,18026.0,7.498882358970715,43.77186933912103,0,15.0
user51,18027.0,7.498940206310385,43.77174075710565,0,15.0
user51,18028.0,7.4989980536500545,43.771612175090254,0,15.0
user51,18029.0,7.499055900989724,43.77148359307487,0,15.0
user51,18030.0,7.4991137483293935,43.77135501105949,0,15.0
user51,18031.0,7.499171595669063,43.7712264290441,0,15.0
user51,18032.0,7.4992294430087325,43.77109784702871,0,15.0
user51,18033.0,7.499287290348402,43.77096926501332,0,15.0
user51,18034.0,7.499345137688071,43.770840682997935,0,15.0
user51,18035.0,7.499402985027741,43.77071210098255,0,15.0
user51,18036.0,7.499460832367411,43.77058351896716,0,15.0
user51,18037.0,7.49951867970708,43.77045493695177,0,15.0
user51,18038.0,7.49957652704675,43.77032635493639,0,15.0
user51,18039.0,7.499634374386419,43.770197772921,0,15.0
user51,18040.0,7.499692221726089,43.77006919090561,0,15.0
user51,18041.0,7.499750069065758,43.769940608890224,0,15.0
user51,18042.0,7.499807916405428,43.76981202687484,0,15.0
user51,18043.0,7.499865763745097,43.76968344485945,0,15.0
user51,18044.0,7.499923611084767,43.76955486284406,0,15.0
user51,18045.0,7.499981458424436,43.76942628082868,0,15.0
user51,18046.0,7.500039305764106,43.76929769881329,0,15.0
user51,18047.0,7.500097153103775,43.769169116797904,0,15.0
user51,18048.0,7.500155000443445,43.76904053478251,0,15.0
user51,18049.0,7.500212847783114,43.76891195276713,0,15.0
user51,18050.0,7.500270695122784,43.76878337075174,0,15.0
user51,18051.0,7.500328542462453,43.76865478873636,0,15.0
user51,18052.0,7.500386389802123,43.76852620672096,0,15.0
user51,18053.0,7.500444237141792,43.76839762470558,0,15.0
user51,18054.0,7.500502084481462,43.76826904269019,0,15.0
user51,18055.0,7.500559931821131,43.76814046067481,0,15.0
user51,18056.0,7.500617779160801,43.768011878659415,0,15.0
user51,18057.0,7.50067562650047,43.76788329664403,0,15.0
user51,18058.0,7.50073347384014,43.76775471462864,0,15.0
user51,18059.0,7.500791321179809,43.76762613261326,0,15.0
user51,18060.0,7.500849168519479,43.767497550597874,0,15.0
user51,18061.0,7.500907015859148,43.76736896858248,0,15.0
user51,18062.0,7.500964863198818,43.767240386567096,0,15.0
user51,18063.0,7.501022710538487,43.76711180455171,0,15.0
user51,18064.0,7.501080557878157,43.766983222536325,0,15.0
user51,18065.0,7.501138405217826,43.76685464052093,0,15.0
user51,18066.0,7.501196252557496,43.76672605850555,0,15.0
user51,18067.0,7.501254099897165,43.76659747649016,0,15.0
user51,18068.0,7.501311947236835,43.76646889447478,0,15.0
user51,18069.0,7.501369794576504,43.76634031245938,0,15.0
user51,18070.0,7.501427641916174,43.766211730444,0,15.0
user51,18071.0,7.501485489255844,43.76608314842861,0,15.0
user51,18072.0,7.501543336595513,43.76595456641323,0,15.0
user51,18073.0,7.501601183935183,43.76582598439784,0,15.0
user51,18074.0,7.501659031274852,43.76569740238245,0,15.0
user51,18075.0,7.501716878614522,43.765568820367065,0,15.0
user51,18076.0,7.501774725954191,43.76544023835168,0,15.0
user51,18077.0,7.501832573293861,43.76531165633629,0,15.0
user51,18078.0,7.50189042063353,43.7651830743209,0,15.0
user51,18079.0,7.5019482679732,43.76505449230552,0,15.0
user51,18080.0,7.502006115312869,43.76492591029013,0,15.0
user51,18081.0,7.502063962652539,43.76479732827474,0,15.0
user51,18082.0,7.502121809992208,43.76466874625935,0,15.0
user51,18083.0,7.502179657331878,43.76454016424397,0,15.0
user51,18084.0,7.502237504671547,43.76441158222858,0,15.0
user51,18085.0,7.502295352011217,43.76428300021319,0,15.0
user51,18086.0,7.502353199350886,43.764154418197805,0,15.0
user51,18087.0,7.502411046690556,43.76402583618242,0,15.0
user51,18088.0,7.502468894030225,43.76389725416704,0,15.0
user51,18089.0,7.502526741369895,43.76376867215164,0,15.0
user51,18090.0,7.502584588709564,43.763640090136256,0,15.0
user51,18091.0,7.502642436049234,43.76351150812087,0,15.0
user51,18092.0,7.502700283388903,43.763382926105486,0,15.0
user51,18093.0,7.502758130728573,43.7632543440901,0,15.0
user51,18094.0,7.502815978068242,43.76312576207471,0,15.0
user51,18095.0,7.502873825407912,43.76299718005932,0,15.0
user51,18096.0,7.50293167274759,43.76286859804392,0,15.0
user51,18097.0,7.502744572758346,43.76286859804392,0,15.0
user51,18098.0,7.5025574727691025,43.76286859804392,0,15.0
user51,18099.0,7.502370372779858,43.76286859804392,0,15.0
user51,18100.0,7.502183272790615,43.76286859804392,0,15.0
user51,18101.0,7.501996172801371,43.76286859804392,0,15.0
user51,18102.0,7.501809072812127,43.76286859804392,0,15.0
user51,18103.0,7.501621972822883,43.76286859804392,0,15.0
user51,18104.0,7.501434872833639,43.76286859804392,0,15.0
user51,18105.0,7.501247772844395,43.76286859804392,0,15.0
user51,18106.0,7.501060672855151,43.76286859804392,0,15.0
user51,18107.0,7.500873572865907,43.76286859804392,0,15.0
user51,18108.0,7.500686472876663,43.76286859804392,0,15.0
user51,18109.0,7.500499372887419,43.76286859804392,0,15.0
user51,18110.0,7.500312272898175,43.76286859804392,0,15.0
user51,18111.0,7.500125172908931,43.76286859804392,0,15.0
user51,18112.0,7.499938072919687,43.76286859804392,0,15.0
user51,18113.0,7.4997509729304435,43.76286859804392,0,15.0
user51,18114.0,7.499563872941199,43.76286859804392,0,15.0
user51,18115.0,7.499376772951956,43.76286859804392,0,15.0
user51,18116.0,7.499189672962712,43.76286859804392,0,15.0
user51,18117.0,7.499002572973468,43.76286859804392,0,15.0
user51,18118.0,7.498815472984224,43.76286859804392,0,15.0
user51,18119.0,7.49862837299498,43.76286859804392,0,15.0
user51,18120.0,7.498441273005736,43.76286859804392,0,15.0
user51,18121.0,7.498254173016492,43.76286859804392,0,15.0
user51,18122.0,7.498067073027248,43.76286859804392,0,15.0
user51,18123.0,7.497879973038004,43.76286859804392,0,15.0
user51,18124.0,7.49769287304876,43.76286859804392,0,15.0
user51,18125.0,7.497505773059516,43.76286859804392,0,15.0
user51,18126.0,7.497318673070272,43.76286859804392,0,15.0
user51,18127.0,7.497131573081028,43.76286859804392,0,15.0
user51,18128.0,7.496944473091784,43.76286859804392,0,15.0
user51,18129.0,7.4967573731025405,43.76286859804392,0,15.0
user51,18130.0,7.496570273113297,43.76286859804392,0,15.0
user51,18131.0,7.496383173124053,43.76286859804392,0,15.0
user51,18132.0,7.496196073134809,43.76286859804392,0,15.0
user51,18133.0,7.496008973145565,43.76286859804392,0,15.0
user51,18134.0,7.495821873156321,43.76286859804392,0,15.0
user51,18135.0,7.495634773167077,43.76286859804392,0,15.0
user51,18136.0,7.495447673177833,43.76286859804392,0,15.0
user51,18137.0,7.495260573188589,43.76286859804392,0,15.0
user51,18138.0,7.495073473199345,43.76286859804392,0,15.0
user51,18139.0,7.494886373210101,43.76286859804392,0,15.0
user51,18140.0,7.494699273220857,43.76286859804392,0,15.0
user51,18141.0,7.494512173231613,43.76286859804392,0,15.0
user51,18142.0,7.494325073242369,43.76286859804392,0,15.0
user51,18143.0,7.494137973253125,43.76286859804392,0,15.0
user51,18144.0,7.4939508732638815,43.76286859804392,0,15.0
user51,18145.0,7.493763773274638,43.76286859804392,0,15.0
user51,18146.0,7.493576673285394,43.76286859804392,0,15.0
user51,18147.0,7.49338957329615,43.76286859804392,0,15.0
user51,18148.0,7.493202473306906,43.76286859804392,0,15.0
user51,18149.0,7.493015373317662,43.76286859804392,0,15.0
user51,18150.0,7.492828273328418,43.76286859804392,0,15.0
user51,18151.0,7.492641173339174,43.76286859804392,0,15.0
user51,18152.0,7.49245407334993,43.76286859804392,0,15.0
user51,18153.0,7.492266973360686,43.76286859804392,0,15.0
user51,18154.0,7.492079873371442,43.76286859804392,0,15.0
user51,18155.0,7.491892773382198,43.76286859804392,0,15.0
user51,18156.0,7.491705673392954,43.76286859804392,0,15.0
user51,18157.0,7.49151857340371,43.76286859804392,0,15.0
user51,18158.0,7.491331473414466,43.76286859804392,0,15.0
user51,18159.0,7.4911443734252225,43.76286859804392,0,15.0
user51,18160.0,7.490957273435979,43.76286859804392,0,15.0
user51,18161.0,7.490770173446735,43.76286859804392,0,15.0
user51,18162.0,7.490583073457491,43.76286859804392,0,15.0
user51,18163.0,7.490395973468247,43.76286859804392,0,15.0
user51,18164.0,7.490208873479003,43.76286859804392,0,15.0
user51,18165.0,7.490021773489759,43.76286859804392,0,15.0
user51,18166.0,7.489834673500515,43.76286859804392,0,15.0
user51,18167.0,7.489647573511271,43.76286859804392,0,15.0
user51,18168.0,7.489460473522027,43.76286859804392,0,15.0
user51,18169.0,7.489273373532783,43.76286859804392,0,15.0
user51,18170.0,7.489086273543539,43.76286859804392,0,15.0
user51,18171.0,7.488899173554295,43.76286859804392,0,15.0
user51,18172.0,7.488712073565051,43.76286859804392,0,15.0
user51,18173.0,7.488524973575807,43.76286859804392,0,15.0
user51,18174.0,7.4883378735865636,43.76286859804392,0,15.0
user51,18175.0,7.48815077359732,43.76286859804392,0,15.0
user51,18176.0,7.487963673608076,43.76286859804392,0,15.0
user51,18177.0,7.487776573618832,43.76286859804392,0,15.0
user51,18178.0,7.487589473629588,43.76286859804392,0,15.0
user51,18179.0,7.487402373640344,43.76286859804392,0,15.0
user51,18180.0,7.4872152736511,43.76286859804392,0,15.0
user51,18181.0,7.487028173661856,43.76286859804392,0,15.0
user51,18182.0,7.486841073672612,43.76286859804392,0,15.0
user51,18183.0,7.486653973683368,43.76286859804392,0,15.0
user51,18184.0,7.486466873694124,43.76286859804392,0,15.0
user51,18185.0,7.48627977370488,43.76286859804392,0,15.0
user51,18186.0,7.486092673715636,43.76286859804392,0,15.0
user51,18187.0,7.485905573726392,43.76286859804392,0,15.0
user51,18188.0,7.4857184737371485,43.76286859804392,0,15.0
user51,18189.0,7.485531373747905,43.76286859804392,0,15.0
user51,18190.0,7.485344273758661,43.76286859804392,0,15.0
user51,18191.0,7.485157173769417,43.76286859804392,0,15.0
user51,18192.0,7.484970073780173,43.76286859804392,0,15.0
user51,18193.0,7.484782973790929,43.76286859804392,0,15.0
user51,18194.0,7.484595873801685,43.76286859804392,0,15.0
user51,18195.0,7.484408773812441,43.76286859804392,0,15.0
user51,18196.0,7.484221673823197,43.76286859804392,0,15.0
user51,18197.0,7.484034573833953,43.76286859804392,0,15.0
user51,18198.0,7.483847473844709,43.76286859804392,0,15.0
user51,18199.0,7.483660373855465,43.76286859804392,0,15.0
user51,18200.0,7.483473273866221,43.76286859804392,0,15.0
user51,18201.0,7.483286173876977,43.76286859804392,0,15.0
user51,18202.0,7.483099073887733,43.76286859804392,0,15.0
user51,18203.0,7.4829119738984895,43.76286859804392,0,15.0
user51,18204.0,7.482724873909246,43.76286859804392,0,15.0
user51,18205.0,7.482537773920002,43.76286859804392,0,15.0
user51,18206.0,7.482350673930758,43.76286859804392,0,15.0
user51,18207.0,7.482163573941514,43.76286859804392,0,15.0
user51,18208.0,7.48197647395227,43.76286859804392,0,15.0
user51,18209.0,7.481789373963026,43.76286859804392,0,15.0
user51,18210.0,7.481602273973782,43.76286859804392,0,15.0
user51,18211.0,7.481415173984538,43.76286859804392,0,15.0
user51,18212.0,7.481228073995294,43.76286859804392,0,15.0
user51,18213.0,7.48104097400605,43.76286859804392,0,15.0
user51,18214.0,7.480853874016806,43.76286859804392,0,15.0
user51,18215.0,7.480666774027562,43.76286859804392,0,15.0
user51,18216.0,7.480479674038318,43.76286859804392,0,15.0
user51,18217.0,7.480292574049074,43.76286859804392,0,15.0
user51,18218.0,7.4801054740598305,43.76286859804392,0,15.0
user51,18219.0,7.479918374070587,43.76286859804392,0,15.0
user51,18220.0,7.479731274081343,43.76286859804392,0,15.0
user51,18221.0,7.479544174092099,43.76286859804392,0,15.0
user51,18222.0,7.479357074102855,43.76286859804392,0,15.0
user51,18223.0,7.479169974113611,43.76286859804392,0,15.0
